100 1.074895 0.110641 2.129759 95.774346 -1.490416 -92.290456 0.001000 216 115 128 133
103 3.036609 -0.061916 1.368879 -5.681045 78.837009 169.769405 0.001000 308 115 123
113 3.757884 -0.040514 3.291248 168.601473 0.019970 -92.176708 0.001000 322 123 144 152
115 2.555365 -0.034638 0.882928 2.490871 -2.922394 174.567276 0.001000 344 100 103 128
123 3.029070 -0.026768 2.403987 -87.449878 0.290429 86.565741 0.001000 126 103 113
126 4.072372 -0.127668 1.719958 79.496452 -2.109703 -94.354141 0.001000 162 127 152
127 3.608808 -0.121932 1.096175 -29.764246 -3.858565 -93.862653 0.001000 32 126
128 0.620556 0.100210 1.626280 86.094587 -3.651279 -90.725589 0.000000 10 100 115 133
133 1.046826 0.150058 2.826778 -87.446191 -0.727182 87.934299 0.001000 8 100 128
144 4.180066 -0.101220 2.831327 87.694868 -2.467667 -93.308116 0.001000 362 113 152
152 4.173263 -0.122498 2.301299 87.056705 -2.273276 -94.468752 0.001000 374 113 126 144
